Table 4G-15. Absorption Cross Sections of BrONO2 at 296 K (1.e-20), A1 and A2. JPL 2015
  151 (f3.0,1x,f8.3)
  200  680.0000   8.5200E-04  -2.6000E-05
  202  616.0000   6.0800E-04  -2.6100E-05
  204  552.0000   3.0800E-04  -2.6200E-05
  206  488.0000   1.3800E-04  -2.3700E-05
  208  425.0000   1.5800E-04  -1.7500E-05
  210  361.0000   1.8400E-04  -9.0900E-06
  212  334.0000   4.0100E-04  -2.6100E-06
  214  307.0000   6.5700E-04   5.0300E-06
  216  286.0000   8.8200E-04   1.1200E-05
  218  272.0000   1.0500E-03   1.5300E-05
  220  258.0000   1.2400E-03   1.9700E-05
  222  247.0000   1.1900E-03   1.9700E-05
  224  236.0000   1.1200E-03   1.9600E-05
  226  226.0000   1.1400E-03   2.0300E-05
  228  215.0000   1.2600E-03   2.1800E-05
  230  205.0000   1.4000E-03   2.3400E-05
  232  193.0000   1.4000E-03   2.3100E-05
  234  180.0000   1.4100E-03   2.2800E-05
  236  167.0000   1.4700E-03   2.2800E-05
  238  153.0000   1.5900E-03   2.3400E-05
  240  139.0000   1.7300E-03   2.4000E-05
  242  126.0000   1.6500E-03   2.0900E-05
  244  113.0000   1.5600E-03   1.7200E-05
  246  101.0000   1.6200E-03   1.5500E-05
  248   90.0000   1.8800E-03   1.6800E-05
  250   79.5000   2.2200E-03   1.8500E-05
  252   71.7000   2.2400E-03   1.7400E-05
  254   64.0000   2.2700E-03   1.6000E-05
  256   57.5000   2.3000E-03   1.4900E-05
  258   52.3000   2.3200E-03   1.4600E-05
  260   47.1000   2.3600E-03   1.4100E-05
  262   43.8000   2.3800E-03   1.4400E-05
  264   40.5000   2.4000E-03   1.4700E-05
  266   37.9000   2.3800E-03   1.4600E-05
  268   35.8000   2.3100E-03   1.4000E-05
  270   33.8000   2.2200E-03   1.3400E-05
  272   32.5000   2.1900E-03   1.3600E-05
  274   31.2000   2.1600E-03   1.3800E-05
  276   30.0000   2.1000E-03   1.3700E-05
  278   28.9000   2.0100E-03   1.3200E-05
  280   27.9000   1.9100E-03   1.2700E-05
  282   27.0000   1.8500E-03   1.2500E-05
  284   26.1000   1.7800E-03   1.2300E-05
  286   25.1000   1.6600E-03   1.1200E-05
  288   24.2000   1.4600E-03   9.0100E-06
  290   23.2000   1.2400E-03   6.6600E-06
  292   22.2000   1.0100E-03   4.1100E-06
  294   21.2000   7.5800E-04   1.3100E-06
  296   20.2000   6.3600E-04  -1.8800E-07
  298   19.3000   6.6600E-04  -1.9700E-07
  300   18.4000   6.9900E-04  -2.0700E-07
  302   17.5000   7.8100E-04   7.8400E-07
  304   16.6000   8.7000E-04   1.8800E-06
  306   15.8000   8.7200E-04   1.6200E-06
  308   15.0000   7.7200E-04  -2.2900E-07
  310   14.2000   6.6000E-04  -2.2800E-06
  312   13.5000   6.5200E-04  -1.9500E-06
  314   12.8000   6.4300E-04  -1.5800E-06
  316   12.1000   6.5200E-04  -1.4200E-06
  318   11.6000   6.8400E-04  -1.4800E-06
  320   11.0000   7.1900E-04  -1.5600E-06
  322   10.5000   7.1900E-04  -1.0600E-06
  324   10.1000   7.2000E-04  -5.0800E-07
  326    9.6400   7.4300E-04   8.7000E-08
  328    9.2900   7.9100E-04   7.2200E-07
  330    8.9400   8.4300E-04   1.4100E-06
  332    8.6500   8.2500E-04   1.3300E-06
  334    8.3600   8.0600E-04   1.2500E-06
  336    8.1000   8.0000E-04   1.3000E-06
  338    7.8700   8.0900E-04   1.4900E-06
  340    7.6400   8.1800E-04   1.7000E-06
  342    7.4500   8.9800E-04   2.5200E-06
  344    7.2600   9.8200E-04   3.3800E-06
  346    7.0700   9.9100E-04   3.4800E-06
  348    6.8600   9.1800E-04   2.7500E-06
  350    6.6600   8.4200E-04   1.9800E-06
  352    6.4800   9.4200E-04   2.8300E-06
  354    6.3000   1.0500E-03   3.7400E-06
  356    6.1100   1.0800E-03   4.1000E-06
  358    5.9000   1.0300E-03   3.8700E-06
  360    5.6900   9.6900E-04   3.6200E-06
  362    5.4800   1.0200E-03   4.0800E-06
  364    5.2700   1.0800E-03   4.5700E-06
  366    5.0700   1.1300E-03   5.1600E-06
  368    4.8600   1.1800E-03   5.8700E-06
  370    4.6600   1.2400E-03   6.6300E-06
  372    4.4600   1.2900E-03   6.9300E-06
  374    4.2600   1.3500E-03   7.2500E-06
  376    4.0700   1.4400E-03   7.7400E-06
  378    3.8800   1.5400E-03   8.4100E-06
  380    3.6900   1.6600E-03   9.1500E-06
  382    3.5100   1.6000E-03   8.1500E-06
  384    3.3200   1.5400E-03   7.0400E-06
  386    3.1600   1.6200E-03   7.0200E-06
  388    3.0200   1.8500E-03   8.2800E-06
  390    2.8800   2.1100E-03   9.6700E-06
  392    2.7400   2.1600E-03   9.7400E-06
  394    2.6000   2.2200E-03   9.8300E-06
  396    2.4700   2.2100E-03   9.0500E-06
  398    2.3600   2.1000E-03   7.2800E-06
  400    2.2500   1.9800E-03   5.3400E-06
  402    2.1500   1.9500E-03   4.5300E-06
  404    2.0400   1.9100E-03   3.6400E-06
  406    1.9500   1.8600E-03   2.6300E-06
  408    1.8800   1.7800E-03   1.5200E-06
  410    1.8100   1.7000E-03   3.1600E-07
  412    1.7500   1.5900E-03  -9.8100E-07
  414    1.6900   1.4900E-03  -2.3700E-06
  416    1.6300   1.4000E-03  -2.6000E-06
  418    1.5600   1.3500E-03  -1.5400E-06
  420    1.5000   1.2900E-03  -3.8100E-07
  422    1.4500   1.0000E-03  -2.3400E-06
  424    1.4000   6.9400E-04  -4.4300E-06
  426    1.3600   5.9900E-04  -4.3100E-06
  428    1.3300   7.3400E-04  -1.7800E-06
  430    1.3000   8.7700E-04   8.8000E-07
  432    1.2600   7.4700E-04   4.8400E-07
  434    1.2200   6.0900E-04   6.2500E-08
  436    1.1800   5.1900E-04   9.6800E-08
  438    1.1500   4.8400E-04   6.3200E-07
  440    1.1100   4.4700E-04   1.2000E-06
  442    1.0800   3.8400E-04  -3.8800E-07
  444    1.0500   3.1800E-04  -2.0600E-06
  446    1.0200   3.3500E-04  -1.8200E-06
  448    0.9740   4.4600E-04   5.6800E-07
  450    0.9300   5.6700E-04   3.1800E-06
  452    0.8920   7.3900E-04   4.4000E-06
  454    0.8530   9.2600E-04   5.7400E-06
  456    0.8160   1.0900E-03   6.9400E-06
  458    0.7790   1.2300E-03   8.0000E-06
  460    0.7430   1.3900E-03   9.1600E-06
  462    0.7070   1.3200E-03   5.9900E-06
  464    0.6700   1.2400E-03   2.4600E-06
  466    0.6350   1.3900E-03   1.8700E-06
  468    0.6000   1.8300E-03   4.7400E-06
  470    0.5660   2.3200E-03   7.9500E-06
  472    0.5240   2.7200E-03   1.0900E-05
  474    0.4820   3.1800E-03   1.4400E-05
  476    0.4470   3.7500E-03   1.7900E-05
  478    0.4180   4.4500E-03   2.1400E-05
  480    0.3900   5.2400E-03   2.5400E-05
  482    0.3440   5.9200E-03   3.6600E-05
  484    0.2980   6.8000E-03   5.1200E-05
  486    0.2690   7.9100E-03   6.1200E-05
  488    0.2560   9.1100E-03   6.3100E-05
  490    0.2430   1.0400E-02   6.5200E-05
  492    0.2310   1.1700E-02   7.0600E-05
  494    0.2200   1.3200E-02   7.6500E-05
  496    0.1980   1.4500E-02   8.5000E-05
  498    0.1670   1.6000E-02   9.8600E-05
  500    0.1350   1.8200E-02   1.1900E-04
