 openfile=jpl_2015_bnit.dat                                                               
Table 4G-15. Absorption Cross Sections of BrONO2 at 296 K (1.e-20), A1 and A2. J
jbrna  210 0.000E+00 0.000E+00 2.457E-19 2.370E-20 2.965E-18 3.069E-18
           2.744E-18 2.525E-18 4.459E-19 5.080E-19 3.772E-19 1.677E-19
           1.355E-19 1.122E-19 9.529E-20 6.874E-20 2.884E-20 1.086E-21
jbrna  296 0.000E+00 0.000E+00 3.290E-19 3.227E-20 3.831E-18 3.560E-18
           2.944E-18 2.577E-18 4.693E-19 5.056E-19 3.825E-19 1.778E-19
           1.445E-19 1.208E-19 1.023E-19 7.328E-20 3.140E-20 1.217E-21
jbrnb  210 0.000E+00 0.000E+00 4.336E-20 4.182E-21 5.233E-19 5.415E-19
           4.842E-19 4.456E-19 7.869E-20 8.964E-20 6.656E-20 2.960E-20
           2.392E-20 1.980E-20 1.682E-20 1.213E-20 5.089E-21 1.917E-22
jbrnb  296 0.000E+00 0.000E+00 5.806E-20 5.694E-21 6.760E-19 6.283E-19
           5.194E-19 4.547E-19 8.281E-20 8.922E-20 6.750E-20 3.137E-20
           2.549E-20 2.131E-20 1.806E-20 1.293E-20 5.541E-21 2.147E-22
