 openfile=jpl_2015_cnit.dat                                                               
Table 4F-22. Absorption Cross Sections of ClONO2 at 296 K (1.e-20), A1 and A2. J
jclna  210 0.000E+00 3.623E-20 2.650E-19 3.793E-19 1.490E-18 1.791E-18
           1.937E-18 2.025E-18 1.994E-19 2.840E-19 2.065E-19 2.106E-20
           1.124E-20 6.886E-21 4.717E-21 2.353E-21 9.477E-22 6.645E-24
jclna  296 0.000E+00 3.854E-20 2.805E-19 4.029E-19 1.550E-18 1.810E-18
           1.934E-18 2.009E-18 2.308E-19 3.029E-19 2.138E-19 2.753E-20
           1.540E-20 9.844E-21 6.942E-21 3.327E-21 1.167E-21 9.258E-24
jclnb  210 0.000E+00 2.415E-20 1.767E-19 2.529E-19 9.934E-19 1.194E-18
           1.291E-18 1.350E-18 1.330E-19 1.894E-19 1.377E-19 1.404E-20
           7.494E-21 4.331E-21 2.451E-21 7.171E-22 2.648E-23 0.000E+00
jclnb  296 0.000E+00 2.570E-20 1.870E-19 2.686E-19 1.033E-18 1.206E-18
           1.289E-18 1.339E-18 1.539E-19 2.019E-19 1.425E-19 1.835E-20
           1.027E-20 6.189E-21 3.605E-21 1.028E-21 3.273E-23 0.000E+00
